1.207438
1.671837
2.136236
2.600635
3.065034
3.622313
3.993832
4.458231
5.015510
5.387030
5.944308
6.408708
6.780227
7.244626
7.709025
8.173424
8.637823
9.102222
9.613061
10.123900
10.588300
10.959819
11.424217
11.981497
12.445896
12.910295
13.374694
13.839093
14.303492
14.767891
15.232290
15.696690
16.161089
16.625488
17.182766
17.554285
18.018684
18.483084
18.947483
19.411882
19.876282
20.340681
20.805079
21.269478
21.733877
22.198277
22.662676
23.127075
23.591475
24.055874
24.520271
24.984671
25.449070
25.936689
26.470749
26.935148
27.399546
27.863945
28.235464
28.699863
29.257143
29.721542
30.185942
30.650341
31.114738
31.579138
32.043537
32.507938
32.972336
33.436733
33.901134
