1.950476
2.693515
2.972154
3.250794
3.622313
3.993832
4.365352
4.829751
5.201270
5.572789
6.037188
6.408708
6.873106
7.151746
7.616145
7.987664
8.452064
8.823583
9.195102
9.566622
10.031020
10.402539
10.774059
11.238458
11.609978
11.981497
12.353016
12.817415
13.188934
13.560453
14.024853
14.396372
14.860771
15.232290
15.603809
16.068209
16.346848
16.811247
17.182766
17.647165
18.018684
18.390203
18.761723
19.226122
19.597641
20.062040
20.433559
20.805079
21.269478
21.640997
22.012518
22.476915
22.848434
23.219955
23.684353
24.055874
24.427393
24.798912
25.263311
25.634830
26.099230
26.470749
26.842268
27.213787
27.585306
28.049706
28.421225
28.792744
29.257143
29.628662
30.000181
30.464581
30.836100
31.207619
31.672018
32.043537
32.415058
32.786575
33.250977
33.622494
33.994015
