0.928798
1.393197
2.043356
2.414875
2.786395
3.157914
3.436553
3.715193
3.993832
4.272471
4.551111
4.829751
5.108390
5.294150
5.572789
5.851429
6.130068
6.408708
6.687347
6.873106
7.151746
7.430386
7.709025
7.987664
8.266304
8.544943
8.823583
9.102222
9.380861
9.659501
9.938141
10.123900
10.402539
10.681179
10.959819
11.145578
11.517097
12.353016
13.374694
14.303492
15.139410
16.161089
17.089886
18.018684
18.854603
19.876282
20.805079
21.733877
22.662676
23.498594
24.520271
25.449070
26.377869
27.306667
28.235464
29.164263
30.093061
31.021860
31.950657
32.879456
33.901134
