0.835918
1.300317
1.764717
2.321995
2.879274
3.436553
3.993832
4.551111
5.108390
5.665669
6.222948
6.780227
7.291066
7.801905
8.359183
8.916463
9.473742
10.031020
10.588300
11.052698
11.609978
12.167256
12.724535
13.281814
13.839093
14.396372
14.953650
15.418050
15.975328
16.532608
17.089886
17.647165
18.204445
18.761723
19.319002
19.783401
20.340681
20.897959
21.455238
22.012518
22.569796
23.127075
23.684353
24.148752
24.706032
25.263311
25.820589
26.284988
26.888708
27.492426
27.956825
28.514105
29.071383
29.628662
30.185942
30.743219
31.300499
31.857779
32.415058
32.879456
33.436733
33.994015
34.644173
