1.114558
2.043356
2.879274
3.808073
4.736871
5.572789
6.315828
6.780227
7.244626
7.709025
8.173424
8.730703
9.195102
9.752381
10.216780
10.681179
11.238458
11.702857
12.167256
12.724535
13.188934
13.746213
14.210612
14.675012
15.232290
15.696690
16.161089
16.718367
17.182766
17.647165
18.204445
18.668844
19.133244
19.690521
20.247801
20.712200
21.176600
21.733877
22.198277
22.662676
23.219955
23.684353
24.148752
24.706032
25.170431
25.634830
26.192108
26.656507
27.213787
27.678186
28.189026
28.699863
29.164263
29.721542
30.185942
30.743219
31.207619
31.764898
32.229298
32.693695
33.250977
33.715374
34.179771
