1.114558
1.764717
2.414875
2.972154
3.622313
4.272471
4.922630
5.572789
6.315828
6.873106
7.523265
8.173424
8.823583
9.473742
10.123900
10.866939
11.424217
12.074376
12.724535
13.374694
14.024853
14.767891
15.418050
16.068209
16.718367
17.368526
18.018684
18.668844
19.319002
19.969160
20.619320
21.269478
21.919638
22.569796
23.219955
23.870113
24.520271
25.170431
25.820589
26.470749
27.120907
27.771067
28.421225
29.071383
29.721542
30.371700
31.021860
31.764898
32.322178
32.972336
33.622494
34.272652
