1.021678
1.486077
2.229116
2.879274
3.436553
3.993832
4.643991
5.294150
5.944308
6.501587
7.151746
7.801905
8.452064
9.009342
9.659501
10.216780
10.866939
11.609978
12.167256
12.817415
13.374694
14.024853
14.675012
15.232290
15.882449
16.532608
17.182766
17.740046
18.390203
19.040363
19.690521
20.247801
20.897959
21.548119
22.198277
22.755556
23.405714
23.962994
24.613152
25.263311
25.913469
26.563627
27.120907
27.771067
28.328344
28.978504
29.628662
30.278820
30.836100
31.486258
32.136417
32.786575
33.436733
33.995693
