4.458231
4.829751
5.294150
5.758549
6.222948
6.687347
7.244626
7.709025
8.266304
8.730703
9.195102
9.752381
10.216780
10.681179
11.238458
11.702857
12.167256
12.724535
13.188934
13.746213
14.210612
14.675012
15.232290
15.696690
16.161089
16.718367
17.182766
17.740046
18.204445
18.668844
19.226122
19.690521
20.154921
20.712200
21.176600
21.733877
22.198277
22.662676
23.219955
23.684353
24.148752
24.706032
25.170431
25.727709
26.192108
26.749388
27.213787
27.678186
28.235464
28.792744
29.257143
29.721542
30.278820
30.743219
31.207619
31.672018
32.136417
32.693695
33.158096
33.715374
34.179771
