1.950476
3.529433
4.643991
5.665669
6.222948
6.780227
7.337506
7.801905
8.359183
8.916463
9.473742
10.031020
10.588300
11.145578
11.702857
12.167256
12.724535
13.281814
13.839093
14.396372
14.953650
15.418050
16.068209
16.532608
17.089886
17.647165
18.204445
18.761723
19.319002
19.783401
20.340681
20.897959
21.455238
22.012518
22.569796
23.127075
23.684353
24.241632
24.798912
25.263311
25.820589
26.377869
26.935148
27.492426
27.956825
28.514105
29.071383
29.628662
30.185942
30.650341
31.207619
31.857779
32.322178
32.879456
33.436733
33.994015
