4.272471
4.736871
5.201270
5.665669
6.037188
6.501587
6.873106
7.337506
7.801905
8.173424
8.637823
9.102222
9.473742
9.938141
10.402539
10.774059
11.238458
11.609978
12.074376
12.445896
12.910295
13.374694
13.839093
14.303492
14.675012
15.139410
15.603809
15.975328
16.439728
16.811247
17.275646
17.740046
18.204445
18.575964
19.040363
19.411882
19.876282
20.247801
20.712200
21.130159
21.548119
22.012518
22.476915
22.941315
23.312834
23.777233
24.241632
24.613152
25.077551
25.449070
25.913469
26.284988
26.749388
27.120907
27.585306
28.049706
28.514105
28.885624
29.350023
29.814423
30.185942
30.650341
31.114738
31.486258
31.950657
32.322178
32.786575
33.250977
33.622494
34.086895
