1.764717
2.321995
2.879274
3.436553
3.993832
4.458231
5.108390
5.665669
6.130068
6.687347
7.244626
7.801905
8.359183
8.916463
9.473742
10.031020
10.588300
11.145578
11.702857
12.167256
12.724535
13.281814
13.931973
14.396372
14.953650
15.510930
16.068209
16.625488
17.182766
17.740046
18.297325
18.854603
19.411882
19.876282
20.433559
20.990839
21.640997
22.105396
22.662676
23.219955
23.777233
24.334513
24.891792
25.449070
26.006350
26.563627
27.028027
27.678186
28.235464
28.699863
29.257143
29.814423
30.371700
30.928980
31.393379
32.043537
32.507938
33.065216
33.622494
34.179771
34.922813
