4.086712
4.458231
4.969070
5.479909
5.944308
6.408708
6.873106
7.337506
7.709025
8.266304
8.730703
9.195102
9.659501
10.123900
10.588300
11.052698
11.517097
12.074376
12.445896
12.910295
13.374694
13.839093
14.303492
14.675012
15.139410
15.696690
16.161089
16.625488
17.089886
17.554285
18.018684
18.390203
18.947483
19.411882
19.876282
20.340681
20.805079
21.269478
21.733877
22.198277
22.755556
23.127075
23.591475
24.055874
24.520271
24.984671
25.449070
25.913469
26.377869
26.842268
27.306667
27.771067
28.328344
28.699863
29.164263
29.721542
30.185942
30.650341
31.114738
31.579138
31.950657
32.415058
32.972336
33.436733
33.901134
34.365532
34.829933
