1.578957
2.229116
2.786395
3.436553
4.086712
4.736871
5.294150
5.944308
6.501587
7.151746
7.801905
8.452064
9.009342
9.659501
10.309660
10.959819
11.517097
12.167256
12.724535
13.374694
14.024853
14.675012
15.232290
15.882449
16.532608
17.182766
17.740046
18.390203
18.947483
19.690521
20.247801
20.897959
21.548119
22.105396
22.755556
23.405714
24.055874
24.706032
25.263311
25.913469
26.563627
27.213787
27.771067
28.421225
29.071383
29.721542
30.278820
30.928980
31.486258
32.136417
32.786575
33.436733
33.994015
34.737053
