4.458231
4.829751
5.201270
5.665669
6.037188
6.408708
6.780227
7.244626
7.616145
7.987664
8.359183
8.730703
9.195102
9.566622
9.938141
10.402539
10.774059
11.145578
11.609978
11.981497
12.353016
12.817415
13.188934
13.653334
14.024853
14.396372
14.860771
15.232290
15.603809
15.975328
16.439728
16.811247
17.275646
17.647165
18.018684
18.390203
18.854603
19.226122
19.597641
19.969160
20.433559
20.805079
21.176600
21.548119
22.012518
22.384037
22.848434
23.219955
23.591475
24.055874
24.520271
24.798912
25.263311
25.634830
26.006350
26.470749
26.842268
27.213787
27.678186
28.049706
28.421225
28.792744
29.257143
29.628662
30.000181
30.464581
30.836100
31.207619
31.579138
31.950657
32.415058
32.786575
33.250977
33.622494
33.994015
34.469273
