12.538775
12.724535
12.910295
13.003175
13.374694
13.560453
13.746213
13.931973
14.024853
14.303492
14.512471
14.860771
15.232290
15.696690
16.161089
16.625488
17.182766
17.647165
18.111565
18.575964
19.040363
19.597641
19.969160
20.433559
20.897959
21.362358
21.826757
22.291157
22.755556
23.219955
23.591475
24.148752
24.520271
25.077551
25.541950
26.006350
26.470749
26.935148
27.492426
27.956825
28.421225
28.792744
29.257143
29.726009
30.278820
30.743219
31.207619
31.672018
32.136417
32.600815
32.972336
33.436733
33.994015
