4.365352
4.736871
4.922630
5.758549
6.130068
6.222948
6.408708
6.873106
7.244626
7.709025
7.801905
7.987664
8.637823
9.102222
9.195102
9.380861
10.031020
10.588300
10.774059
10.866939
11.517097
11.888617
12.074376
12.260136
13.003175
13.467574
13.653334
13.746213
14.489252
14.953650
15.046531
15.232290
15.882449
16.346848
16.532608
16.718367
17.275646
17.740046
17.925804
18.111565
18.761723
19.226122
19.411882
19.504763
20.154921
20.619320
20.805079
20.897959
21.733877
22.105396
22.291157
22.476915
23.127075
23.591475
23.777233
23.962994
24.613152
25.077551
25.263311
25.356190
26.006350
26.470749
26.656507
26.842268
27.492426
27.956825
28.142586
28.328344
28.885624
29.350023
29.535782
29.721542
30.464581
30.836100
31.021860
31.207619
31.857779
32.322178
32.507938
32.693695
33.343853
33.715374
33.901134
34.086895
