2.879274
3.436553
3.993832
4.458231
5.015510
5.572789
6.130068
6.687347
7.244626
7.801905
8.359183
8.916463
9.473742
10.031020
10.588300
11.145578
11.609978
12.167256
12.817415
13.281814
13.839093
14.396372
14.953650
15.510930
16.068209
16.625488
17.182766
17.740046
18.297325
18.761723
19.319002
19.876282
20.433559
21.037279
21.548119
22.105396
22.662676
23.127075
23.777233
24.334513
24.891792
25.449070
26.006350
26.563627
27.120907
27.585306
28.142586
28.792744
29.350023
29.907301
30.371700
30.928980
31.486258
32.043537
32.600815
33.158096
33.622494
34.179771
