5.294150
5.665669
6.037188
6.408708
6.873106
7.244626
7.616145
8.080544
8.452064
8.823583
9.287982
9.566622
10.031020
10.402539
10.866939
11.238458
11.609978
11.981497
12.445896
12.817415
13.281814
13.653334
14.024853
14.396372
14.767891
15.232290
15.603809
15.975328
16.439728
16.811247
17.275646
17.647165
18.018684
18.204445
18.483084
18.668844
18.854603
19.040363
19.319002
19.411882
19.597641
19.783401
19.969160
20.154921
20.433559
20.619320
20.805079
20.990839
21.176600
21.269478
21.548119
21.733877
21.873198
22.105396
22.291157
22.476915
22.662676
22.848434
22.941315
23.219955
23.312834
23.591475
23.777233
23.962994
24.148752
24.334513
24.520271
24.706032
24.984671
25.077551
25.263311
25.449070
25.634830
25.820589
26.006350
26.192108
26.470749
26.563627
26.842268
27.028027
27.213787
27.399546
27.585306
27.771067
27.956825
28.142586
28.328344
28.514105
28.792744
28.978504
29.164263
29.350023
29.628662
29.907301
30.093061
30.278820
30.464581
30.650341
30.836100
31.021860
31.207619
31.393379
31.672018
31.857779
32.043537
32.136417
32.415058
32.600815
32.879456
33.065216
33.250977
33.436733
33.622494
33.808254
34.086895
