3.065034
3.250794
3.436553
3.622313
4.365352
4.551111
4.736871
5.015510
5.665669
5.944308
6.315828
6.965986
7.244626
7.430386
7.523265
8.266304
8.452064
8.544943
8.823583
9.566622
9.659501
9.845261
10.123900
10.866939
10.959819
11.145578
11.331338
11.517097
12.167256
12.260136
12.445896
12.724535
13.467574
13.560453
13.746213
14.024853
14.767891
14.953650
15.046531
15.418050
16.161089
16.253969
16.346848
16.718367
17.368526
17.554285
17.740046
18.018684
18.575964
18.761723
19.040363
19.319002
19.876282
20.062040
20.247801
20.619320
21.269478
21.455238
21.640997
21.919638
22.569796
22.755556
22.848434
23.034195
23.312834
23.870113
24.055874
24.148752
24.334513
24.520271
25.170431
25.356190
25.634830
25.820589
25.913469
26.563627
26.656507
26.842268
26.935148
27.028027
27.771067
27.956825
28.142586
28.328344
28.421225
29.071383
29.257143
29.442902
29.721542
30.371700
30.557461
30.743219
31.021860
31.672018
31.857779
32.043537
32.136417
32.322178
32.972336
33.158096
33.343853
33.529613
33.715374
34.365532
