5.294150
5.665669
6.222948
6.687347
7.244626
7.709025
8.173424
8.730703
9.195102
9.659501
10.216780
10.681179
11.145578
11.702857
12.167256
12.631656
13.188934
13.653334
14.210612
14.675012
15.139410
15.603809
16.072041
16.625488
17.182766
17.647165
18.204445
18.668844
19.226122
19.690521
20.154921
20.619320
21.176600
21.640997
22.198277
22.662676
23.219955
23.684353
24.148752
24.613152
25.170431
25.634830
26.192108
26.656507
27.120907
27.585306
28.235464
28.606983
29.164263
29.628662
30.093061
30.650341
31.114738
31.579138
32.043537
32.600815
33.158096
33.622494
