4.179592
4.643991
5.108390
5.665669
6.315828
6.873106
7.337506
7.894784
8.359183
8.823583
9.287982
9.752381
10.216780
10.681179
11.145578
11.609978
12.074376
12.910295
13.467574
13.931973
14.396372
14.860771
15.325171
15.789569
16.253969
16.718367
17.089886
17.554285
18.018684
18.575964
18.947483
19.411882
19.969160
20.433559
20.897959
21.269478
21.826757
22.291157
22.894875
23.405714
23.870113
24.427393
24.984671
25.449070
26.006350
26.470749
26.935148
27.306667
27.863945
28.328344
28.792744
29.257143
29.721542
30.185942
30.650341
31.114738
31.579138
32.043537
32.600815
32.972336
33.436733
33.901134
34.365532
