6.501587
6.873106
7.337506
7.709025
8.080544
8.452064
8.916463
9.287982
9.659501
10.031020
10.495420
10.866939
11.238458
11.702857
12.074376
12.445896
12.910295
13.281814
13.653334
14.117732
14.489252
14.860771
15.232290
15.696690
16.068209
16.532608
16.904127
17.275646
17.647165
18.111565
18.483084
18.854603
19.226122
19.690521
20.062040
20.526440
20.897959
21.269478
21.640997
22.012518
22.476915
22.848434
23.219955
23.684353
24.055874
24.427393
24.891792
25.263311
25.634830
26.006350
26.377869
26.842268
27.213787
27.678186
28.049706
28.421225
28.885624
29.257143
29.628662
30.093061
30.464581
30.836100
31.207619
31.672018
32.043537
32.415058
32.786575
33.250977
33.622494
33.994015
34.458412
