2.136236
2.786395
3.436553
3.993832
4.643991
5.294150
5.851429
6.501587
7.151746
7.709025
8.452064
9.009342
9.659501
10.216780
10.774059
11.424217
12.167256
12.724535
13.374694
13.931973
14.675012
15.325171
15.975328
16.532608
17.182766
17.832926
18.390203
19.040363
19.597641
20.340681
20.805079
21.455238
22.105396
22.755556
23.405714
24.055874
24.613152
25.263311
25.913469
26.563627
27.120907
27.771067
28.421225
29.071383
29.721542
30.371700
30.928980
31.579138
32.136417
32.786575
33.343853
33.901134
34.551292
