3.622313
3.808073
3.993832
4.272471
4.365352
4.736871
4.922630
5.015510
5.387030
5.572789
5.665669
5.944308
6.130068
6.315828
6.408708
6.594467
6.687347
6.965986
7.151746
7.337506
7.709025
8.080544
8.173424
8.359183
8.544943
8.730703
8.746009
8.916463
9.102222
9.287982
9.473742
9.566622
9.752381
9.938141
10.216780
10.402539
10.866939
11.052698
11.192019
11.424217
11.609978
11.795737
11.981497
12.074376
12.445896
12.631656
12.817415
12.910295
13.281814
13.467574
13.560453
13.746213
13.839093
14.117732
14.303492
14.489252
14.582131
14.860771
15.046531
15.139410
15.325171
15.696690
15.882449
15.975328
16.068209
16.439728
16.532608
16.718367
16.904127
16.997007
17.275646
17.554285
17.740046
18.018684
18.204445
18.390203
18.575964
18.784943
18.947483
19.226122
19.411882
19.597641
19.783401
19.969160
20.154921
20.526440
20.712200
20.805079
20.990839
21.176600
21.269478
21.455238
21.548119
21.733877
21.873198
22.012518
22.198277
22.291157
22.476915
22.662676
22.848434
23.034195
23.219955
23.312834
23.684353
23.870113
24.055874
24.148752
24.334513
24.520271
24.706032
24.984671
25.170431
25.356190
25.541950
25.727709
25.913469
26.192108
26.470749
26.842268
27.028027
27.120907
27.306667
27.492426
27.678186
27.771067
27.956825
28.142586
28.328344
28.514105
28.606983
28.792744
28.885624
28.978504
29.164263
29.350023
29.535782
29.628662
30.000181
30.185942
30.371700
30.557461
30.743219
30.928980
31.114738
31.300499
31.486258
31.672018
31.857779
32.043537
32.229298
32.507938
32.693695
32.879456
32.972336
33.436733
33.529613
33.715374
33.808254
33.994015
34.179771
