2.693515
2.879274
3.529433
4.365352
5.201270
5.944308
6.130068
6.315828
7.801905
8.730703
9.380861
9.566622
10.402539
10.681179
10.959819
11.145578
11.331338
11.609978
12.167256
13.003175
13.188934
13.374694
13.653334
13.839093
14.117732
14.303492
14.582131
14.767891
15.232290
15.603809
16.439728
17.368526
18.297325
19.040363
20.805079
21.176600
21.640997
22.012518
22.291157
22.476915
22.848434
23.684353
23.870113
24.148752
24.334513
24.427393
24.706032
24.891792
25.077551
25.541950
25.913469
26.935148
27.120907
27.399546
27.585306
27.771067
27.956825
28.235464
28.328344
28.514105
28.978504
29.442902
30.278820
31.114738
31.579138
31.950657
32.415058
32.786575
33.715374
