1.857596
2.321995
2.600635
2.879274
3.436553
3.715193
3.993832
4.551111
5.108390
5.665669
5.851429
6.222948
6.780227
8.452064
8.916463
9.195102
9.473742
10.031020
10.309660
10.588300
11.145578
11.795737
12.817415
13.003175
13.374694
14.953650
15.510930
15.789569
16.068209
16.718367
16.904127
17.182766
18.204445
18.483084
18.854603
19.411882
19.969160
20.526440
20.805079
20.990839
21.640997
22.198277
22.755556
23.219955
23.777233
24.427393
24.891792
25.541950
26.006350
26.563627
27.120907
27.678186
28.235464
28.514105
28.792744
29.350023
29.907301
30.464581
31.486258
31.672018
32.043537
32.322178
32.600815
32.786575
33.158096
33.343853
