2.879274
3.157914
3.436553
3.622313
3.900952
4.365352
4.736871
4.922630
5.201270
5.479909
5.758549
6.130068
6.501587
6.780227
6.965986
7.151746
7.616145
7.894784
8.080544
8.266304
8.730703
8.916463
9.102222
9.287982
9.380861
10.123900
10.402539
10.866939
11.145578
11.517097
11.888617
12.074376
12.260136
12.724535
13.096054
13.281814
13.467574
13.653334
13.839093
14.024853
14.303492
14.489252
15.046531
15.325171
15.510930
15.975328
16.161089
16.439728
16.718367
16.904127
17.089886
17.275646
18.018684
18.204445
18.390203
18.854603
19.133244
19.226122
19.411882
19.597641
19.783401
20.062040
20.712200
21.733877
22.012518
22.198277
22.476915
22.662676
22.941315
23.127075
23.962994
24.148752
24.334513
24.613152
24.891792
25.170431
25.356190
25.727709
26.006350
26.842268
27.585306
27.863945
28.235464
28.421225
28.606983
28.885624
30.464581
30.743219
30.928980
31.050114
31.672018
32.043537
32.693695
33.065216
33.343853
