3.065034
3.250794
3.529433
3.993832
4.272471
4.551111
4.736871
5.665669
5.851429
6.222948
6.594467
6.965986
7.151746
7.523265
8.266304
8.359183
8.637823
9.752381
10.216780
13.467574
13.653334
13.839093
14.396372
14.767891
15.046531
16.161089
16.346848
16.625488
16.811247
17.089886
17.554285
17.740046
19.040363
19.690521
21.269478
21.455238
21.640997
21.919638
22.291157
22.569796
22.755556
22.941315
24.520271
24.798912
25.170431
25.541950
25.727709
25.913469
26.842268
27.028027
27.213787
27.492426
27.771067
28.049706
28.235464
29.164263
29.814423
31.672018
31.857779
32.136417
32.600815
32.879456
33.065216
