1.578957
2.136236
2.507755
2.879274
3.157914
3.343673
3.715193
4.086712
4.458231
4.736871
5.387030
5.572789
5.758549
6.408708
6.687347
6.873106
7.151746
7.430386
7.801905
8.173424
8.359183
10.309660
10.495420
10.681179
10.866939
11.238458
11.702857
11.888617
12.074376
12.260136
12.910295
13.188934
14.675012
14.953650
15.696690
15.975328
16.253969
16.532608
17.182766
17.461407
17.786486
18.204445
18.483084
20.340681
20.619320
20.897959
21.269478
21.640997
21.826757
22.198277
22.476915
23.127075
23.405714
25.356190
25.634830
25.913469
26.192108
26.563627
27.028027
27.399546
27.863945
28.235464
28.421225
30.836100
31.021860
31.300499
31.579138
32.415058
32.786575
