2.414875
2.600635
2.786395
2.972154
3.157914
3.343673
3.622313
3.808073
4.179592
4.272471
4.551111
4.736871
5.015510
5.201270
5.479909
5.665669
6.037188
6.222948
6.687347
6.873106
7.058866
7.244626
7.430386
7.616145
8.173424
8.359183
8.544943
8.823583
9.009342
9.195102
10.216780
10.402539
10.588300
10.866939
11.052698
11.238458
11.609978
11.795737
11.981497
12.167256
12.538775
12.910295
13.188934
13.467574
13.653334
13.839093
13.931973
14.210612
14.303492
14.489252
14.675012
14.860771
14.953650
15.510930
15.696690
15.975328
16.253969
16.439728
16.625488
16.811247
16.997007
17.275646
17.461407
17.740046
17.925804
19.133244
19.319002
19.504763
19.690521
19.969160
20.154921
20.433559
20.619320
20.897959
21.176600
21.269478
21.455238
21.733877
22.755556
23.034195
23.219955
23.405714
23.684353
23.870113
24.055874
24.334513
24.613152
24.798912
25.077551
25.263311
25.634830
25.727709
26.006350
26.192108
26.470749
26.563627
26.656507
26.842268
27.028027
27.213787
27.585306
27.771067
27.863945
28.235464
28.792744
28.978504
29.257143
29.535782
29.721542
30.278820
30.464581
30.650341
30.836100
31.114738
31.300499
31.579138
31.764898
32.136417
32.322178
32.438278
32.693695
