3.529433
4.551111
5.758549
6.780227
7.894784
8.080544
8.452064
8.637823
8.916463
9.195102
9.473742
10.031020
11.145578
12.260136
13.281814
13.467574
13.746213
13.931973
14.396372
15.046531
15.232290
15.510930
16.068209
16.253969
16.532608
17.089886
17.368526
17.647165
17.925804
18.297325
18.854603
19.876282
20.805079
22.012518
22.291157
22.569796
23.127075
23.377325
23.777233
24.706032
25.077551
25.356190
25.820589
26.099230
26.377869
27.585306
28.049706
28.328344
28.606983
29.628662
29.907301
30.278820
30.464581
30.836100
31.021860
31.300499
32.972336
33.529613
