4.086712
4.643991
5.294150
5.479909
5.758549
5.944308
6.315828
6.501587
6.780227
6.965986
7.198186
7.709025
7.894784
8.266304
8.452064
8.823583
9.009342
9.287982
9.473742
9.659501
10.309660
10.495420
10.774059
10.913379
11.238458
11.517097
12.260136
12.445896
12.724535
13.003175
13.281814
13.374694
13.560453
14.303492
14.489252
14.675012
14.953650
15.232290
15.510930
15.696690
16.253969
16.439728
16.811247
16.997007
17.275646
17.554285
17.740046
18.018684
18.297325
18.483084
18.668844
18.947483
19.319002
19.504763
19.690521
19.876282
20.340681
20.805079
20.990839
21.269478
22.198277
22.476915
22.662676
22.894875
23.219955
23.591475
23.870113
24.148752
25.263311
26.284988
26.470749
26.749388
27.260227
27.492426
27.678186
28.049706
28.235464
28.792744
29.257143
29.628662
29.814423
30.000181
30.464581
30.650341
30.928980
31.114738
31.207619
31.672018
31.950657
32.600815
33.158096
