2.693515
3.436553
4.272471
5.061950
5.851429
6.687347
7.616145
8.266304
9.102222
9.938141
10.774059
11.609978
12.353016
13.188934
14.024853
14.767891
15.603809
16.439728
17.275646
18.018684
18.390203
19.690521
20.062040
20.526440
20.897959
21.269478
21.455238
21.640997
21.826757
22.198277
22.384037
22.569796
22.848434
23.034195
23.219955
23.405714
23.591475
23.684353
23.870113
24.055874
24.148752
24.334513
24.613152
24.798912
24.984671
25.170431
25.449070
25.634830
25.820589
26.192108
26.377869
26.563627
26.749388
26.935148
27.120907
27.306667
27.399546
27.863945
28.049706
28.235464
28.606983
28.699863
28.885624
29.071383
29.442902
29.628662
29.814423
30.093061
30.278820
30.464581
30.650341
30.836100
31.114738
31.300499
31.393379
31.857779
32.043537
32.229298
32.693695
33.065216
