0.464399
1.114558
1.671837
2.321995
2.972154
3.622313
4.272471
4.922630
5.572789
6.222948
6.873106
7.616145
8.173424
8.823583
9.473742
10.123900
10.774059
11.424217
12.074376
12.724535
13.374694
14.117732
14.767891
15.325171
15.975328
16.718367
17.275646
17.925804
18.575964
19.226122
19.876282
20.526440
21.176600
21.826757
22.476915
23.127075
23.777233
24.427393
25.077551
25.820589
26.377869
27.120907
27.678186
28.421225
28.978504
29.628662
30.278820
31.021860
31.672018
32.322178
32.972336
33.529613
34.272652
