0.650159
1.207438
1.764717
2.321995
2.786395
3.436553
3.993832
4.458231
5.015510
5.572789
6.130068
6.687347
7.244626
7.801905
8.359183
8.846803
9.473742
9.938141
10.588300
11.052698
11.609978
12.167256
12.724535
13.281814
13.839093
14.396372
14.953650
15.510930
16.068209
16.625488
17.182766
17.740046
18.297325
18.761723
19.319002
19.876282
20.433559
20.990839
21.548119
22.105396
22.662676
23.219955
23.777233
24.334513
24.798912
25.356190
25.913469
26.470749
27.028027
27.585306
28.142586
28.699863
29.257143
29.814423
30.371700
30.928980
31.486258
32.043537
32.600815
33.065216
33.622494
34.179771
