1.393197
2.786395
3.250794
3.715193
4.086712
4.551111
4.829751
5.294150
5.665669
6.037188
6.408708
6.873106
7.244626
7.616145
8.080544
8.452064
8.823583
9.287982
9.659501
10.031020
10.495420
10.774059
11.238458
11.609978
11.981497
12.445896
12.817415
13.188934
13.560453
13.931973
14.303492
14.767891
15.139410
15.603809
15.975328
16.346848
16.718367
17.182766
17.554285
18.018684
18.390203
18.761723
19.226122
19.597641
19.969160
20.340681
20.805079
21.176600
21.548119
22.012518
22.384037
22.755556
23.219955
23.591475
24.055874
24.427393
24.798912
25.263311
25.634830
26.006350
26.377869
26.842268
27.213787
27.585306
27.956825
28.421225
28.792744
29.164263
29.535782
30.000181
30.371700
30.743219
31.114738
31.579138
31.950657
32.322178
32.786575
33.250977
33.622494
33.994015
34.365532
34.829933
