2.136236
2.786395
3.343673
3.993832
4.643991
5.294150
5.851429
6.501587
7.058866
7.709025
8.359183
9.009342
9.659501
10.216780
10.866939
11.517097
12.167256
12.724535
13.374694
14.024853
14.582131
15.232290
15.882449
16.532608
17.182766
17.740046
18.390203
18.947483
19.597641
20.247801
20.897959
21.548119
22.105396
22.755556
23.405714
23.962994
24.613152
25.263311
25.820589
26.470749
27.028027
27.678186
28.328344
28.978504
29.628662
30.278820
30.928980
31.579138
32.136417
32.786575
33.343853
33.994015
34.644173
