0.743039
1.486077
2.043356
2.507755
2.972154
3.436553
3.900952
4.458231
5.201270
5.665669
6.222948
6.687347
7.244626
7.709025
8.173424
8.637823
9.195102
9.659501
10.216780
10.681179
11.238458
11.702857
12.167256
12.724535
13.188934
13.653334
14.210612
14.675012
15.139410
15.696690
16.161089
16.718367
17.182766
17.740046
18.204445
18.761723
19.226122
19.783401
20.247801
20.712200
21.176600
21.733877
22.198277
22.755556
23.219955
23.684353
24.148752
24.706032
25.170431
25.634830
26.192108
26.656507
27.213787
27.678186
28.235464
28.699863
29.164263
29.721542
30.185942
30.743219
31.207619
31.672018
32.229298
32.786575
33.158096
33.715374
34.179771
34.644173
