8.452064
8.823583
9.195102
9.659501
10.031020
10.402539
10.774059
11.238458
11.609978
12.074376
12.445896
12.817415
13.188934
13.653334
14.024853
14.489252
14.767891
15.232290
15.603809
16.068209
16.439728
16.811247
17.275646
17.647165
18.111565
18.483084
18.854603
19.319002
19.597641
20.062040
20.433559
20.805079
21.223038
21.640997
22.012518
22.476915
22.848434
23.219955
23.591475
24.055874
24.427393
24.891792
25.263311
25.634830
26.006350
26.470749
26.749388
27.213787
27.585306
28.049706
28.421225
28.885624
29.257143
29.628662
30.000181
30.464581
30.836100
31.207619
31.579138
32.043537
32.415058
32.879456
33.250977
33.622494
33.994015
