6.222948
6.780227
7.244626
7.709025
8.266304
8.730703
9.218322
9.659501
10.216780
10.774059
11.238458
11.795737
12.260136
12.817415
13.188934
13.751111
14.210612
14.767891
15.232290
15.789569
16.253969
16.718367
17.182766
17.647165
18.204445
18.668844
19.133244
19.597641
20.154921
20.712200
21.269478
21.733877
22.198277
22.755556
23.219955
23.777233
24.148752
24.613152
25.170431
25.634830
26.192108
26.749388
27.213787
27.678186
28.164173
28.792744
29.257143
29.721542
30.278820
30.743219
31.207619
31.672018
32.136417
32.693695
33.158096
33.715374
34.179771
