2.879274
3.343673
3.993832
4.458231
5.015510
5.572789
6.130068
6.873106
7.337506
7.801905
8.359183
8.916463
9.473742
10.031020
10.588300
11.145578
11.702857
12.260136
12.817415
13.374694
13.839093
14.396372
15.046531
15.510930
16.068209
16.532608
17.182766
17.740046
18.204445
18.761723
19.319002
19.969160
20.526440
21.083719
21.548119
22.198277
22.569796
23.219955
23.777233
24.334513
24.891792
25.449070
25.913469
26.563627
27.028027
27.678186
28.142586
28.699863
29.257143
29.814423
30.371700
30.836100
31.486258
32.043537
32.600815
33.158096
33.715374
34.179771
