11.517097
11.981497
12.445896
12.910295
13.467574
13.839093
14.303492
14.767891
15.232290
15.696690
16.161089
16.718367
17.089886
17.554285
18.018684
18.575964
18.947483
19.411882
19.969160
20.433559
20.897959
21.362358
21.826757
22.291157
22.755556
23.219955
23.591475
24.055874
24.520271
24.984671
25.449070
25.913469
26.377869
26.935148
27.399546
27.863945
28.328344
28.792744
29.257143
29.721542
30.185942
30.650341
31.114738
31.579138
32.043537
32.507938
32.972336
33.436733
33.901134
34.365532
