8.173424
8.544943
8.916463
9.287982
9.659501
9.938141
10.216780
10.588300
10.866939
11.145578
11.517097
11.795737
12.167256
12.445896
12.817415
13.096054
13.467574
13.746213
14.117732
14.489252
14.860771
15.139410
15.510930
15.789569
16.161089
16.439728
16.718367
17.089886
17.368526
17.647165
18.018684
18.390203
18.761723
19.040363
19.319002
19.690521
19.969160
20.247801
20.619320
20.990839
21.362358
21.640997
21.919638
22.291157
22.569796
22.941315
23.312834
23.591475
23.962994
24.241632
24.520271
24.891792
25.170431
25.449070
25.820589
26.192108
26.517189
26.842268
27.120907
27.492426
27.863945
28.142586
28.514105
28.792744
29.164263
29.442902
29.814423
30.185942
30.464581
30.743219
31.207619
31.486258
31.764898
32.043537
32.415058
32.693695
32.995556
33.343853
33.622494
33.994015
