1.114558
1.486077
1.857596
2.229116
2.600635
2.972154
3.343673
3.715193
4.179592
4.551111
4.922630
5.294150
5.665669
6.037188
6.408708
6.780227
7.244626
7.616145
7.987664
8.359183
8.823583
9.195102
9.566622
10.031020
10.402539
10.774059
11.238458
11.609978
11.981497
12.445896
12.817415
13.188934
13.653334
14.024853
14.396372
14.860771
15.232290
15.603809
15.975328
16.393288
16.811247
17.182766
17.554285
18.018684
18.390203
18.761723
19.226122
19.597641
20.062040
20.433559
20.805079
21.176600
21.548119
22.012518
22.384037
22.755556
23.219955
23.591475
23.962994
24.427393
24.798912
25.170431
25.541950
26.006350
26.377869
26.749388
27.213787
27.585306
28.049706
28.421225
28.792744
29.164263
29.628662
30.000181
30.371700
30.836100
31.207619
31.579138
31.950657
32.322178
32.786575
33.158096
33.529613
33.994015
34.365532
