1.114558
1.578957
2.136236
2.693515
3.157914
3.622313
4.086712
4.551111
5.015510
5.479909
5.944308
6.315828
6.780227
7.337506
7.801905
8.266304
8.730703
9.102222
9.659501
10.031020
10.588300
11.052698
11.517097
11.981497
12.445896
12.910295
13.374694
13.746213
14.303492
14.767891
15.232290
15.603809
16.068209
16.625488
17.089886
17.554285
18.018684
18.483084
18.947483
19.411882
19.783401
20.247801
20.805079
21.269478
21.733877
22.198277
22.662676
23.127075
23.684353
24.055874
24.520271
24.984671
25.449070
25.913469
26.377869
26.842268
27.306667
27.863945
28.328344
28.792744
29.257143
29.721542
30.185942
30.650341
31.114738
31.579138
32.043537
32.507938
32.879456
33.436733
33.901134
34.365532
34.922813
