1.764717
2.229116
2.600635
2.995374
3.436553
3.900952
4.365352
4.736871
5.201270
5.665669
6.037188
6.501587
6.873106
7.337506
7.801905
8.173424
8.637823
9.102222
9.473742
9.938141
10.402539
10.774059
11.238458
11.609978
12.074376
12.538775
12.910295
13.374694
13.839093
14.210612
14.675012
15.139410
15.510930
15.975328
16.346848
16.811247
17.275646
17.647165
18.111565
18.575964
19.040363
19.504763
19.876282
20.247801
20.712200
21.176600
21.640997
22.012518
22.476915
22.941315
23.312834
23.777233
24.241632
24.613152
24.984671
25.449070
25.913469
26.377869
26.842268
27.213787
27.678186
28.142586
28.514105
28.885624
29.350023
29.814423
30.193537
30.650341
31.021860
31.486258
31.950657
32.415058
32.786575
33.250977
33.622494
34.179771
