1.114558
1.671837
2.321995
2.972154
3.622313
4.272471
4.922630
5.572789
6.222948
6.873106
7.523265
8.173424
8.823583
9.473742
10.123900
10.866939
11.517097
12.167256
12.724535
13.374694
14.024853
14.675012
15.325171
15.975328
16.625488
17.368526
18.018684
18.575964
19.319002
19.969160
20.526440
21.176600
21.919638
22.476915
23.127075
23.777233
24.520271
25.077551
25.727709
26.470749
27.028027
27.771067
28.421225
28.978504
29.721542
30.278820
30.928980
31.579138
32.322178
32.972336
33.529613
34.179771
34.829933
