1.207438
1.764717
2.229116
2.879274
3.436553
3.993832
4.458231
5.015510
5.572789
6.130068
6.687347
7.244626
7.801905
8.359183
8.916463
9.473742
9.938141
10.588300
11.145578
11.609978
12.167256
12.724535
13.281814
13.839093
14.396372
14.860771
15.510930
16.068209
16.532608
17.089886
17.647165
18.204445
18.761723
19.319002
19.876282
20.433559
20.990839
21.548119
22.105396
22.755556
23.219955
23.777233
24.334513
24.891792
25.449070
26.006350
26.563627
27.120907
27.585306
28.142586
28.699863
29.257143
29.814423
30.371700
30.928980
31.486258
32.043537
32.600815
33.088436
33.622494
34.272652
