5.294150
5.665669
6.130068
6.594467
6.965986
7.430386
7.801905
8.266304
8.637823
9.102222
9.566622
9.938141
10.402539
10.866939
11.238458
11.702857
12.167256
12.538775
13.003175
13.467574
13.839093
14.303492
14.767891
15.139410
15.603809
15.975328
16.439728
16.904127
17.368526
17.740046
18.204445
18.575964
19.040363
19.504763
19.876282
20.340681
20.805079
21.199818
21.640997
22.105396
22.476915
22.848434
23.405714
23.777233
24.241632
24.706032
25.077551
25.541950
25.913469
26.377869
26.749388
27.213787
27.678186
28.142586
28.514105
28.978504
29.350023
29.814423
30.278820
30.743219
31.114738
31.579138
31.950657
32.415058
32.879456
33.250977
33.715374
34.179771
