6.873106
7.337506
7.801905
8.266304
8.730703
9.195102
9.659501
10.123900
10.681179
11.145578
11.609978
11.981497
12.538775
12.910295
13.374694
13.839093
14.303492
14.767891
15.232290
15.696690
16.253969
16.625488
17.182766
17.647165
18.018684
18.483084
19.040363
19.504763
19.969160
20.433559
20.897959
21.362358
21.826757
22.291157
22.755556
23.219955
23.684353
24.148752
24.613152
25.077551
25.541950
26.006350
26.470749
26.935148
27.399546
27.863945
28.328344
28.792744
29.257143
29.721542
30.185942
30.650341
31.114738
31.579138
32.136417
32.507938
32.972336
33.436733
33.901134
34.365532
