4.365352
4.829751
5.294150
5.665669
6.037188
6.408708
6.873106
7.244626
7.709025
8.080544
8.452064
8.823583
9.287982
9.659501
10.031020
10.402539
10.866939
11.238458
11.702857
12.074376
12.445896
12.817415
13.188934
13.653334
14.024853
14.489252
14.860771
15.232290
15.696690
16.068209
16.439728
16.811247
17.275646
17.647165
18.018684
18.483084
18.854603
19.226122
19.690521
19.969160
20.433559
20.805079
21.269478
21.640997
22.012518
22.476915
22.848434
23.219955
23.684353
24.055874
24.427393
24.798912
25.263311
25.634830
26.006350
26.470749
26.842268
27.213787
27.585306
28.049706
28.421225
28.792744
29.187483
29.628662
30.000181
30.464581
30.836100
31.207619
31.672018
32.043537
32.415058
32.879456
33.250977
33.622494
34.086895
