5.108390
5.665669
6.222948
6.780227
7.337506
7.801905
8.359183
8.916463
9.473742
10.031020
10.588300
11.145578
11.702857
12.260136
12.817415
13.374694
13.931973
14.489252
14.985488
15.603809
16.068209
16.625488
17.182766
17.740046
18.297325
18.854603
19.411882
19.969160
20.526440
21.083719
21.640997
22.198277
22.662676
23.219955
23.777233
24.334513
24.984671
25.449070
26.006350
26.563627
27.120907
27.678186
28.235464
28.792744
29.350023
29.814423
30.371700
30.928980
31.486258
32.043537
32.600815
33.158096
33.715374
