4.551111
5.108390
5.665669
6.222948
6.780227
7.337506
7.894784
8.452064
9.009342
9.566622
10.031020
10.588300
11.145578
11.702857
12.260136
12.817415
13.305034
13.839093
14.396372
14.953650
15.510930
16.068209
16.625488
17.182766
17.647165
18.297325
18.761723
19.319002
19.876282
20.433559
20.897959
21.548119
22.105396
22.569796
23.127075
23.684353
24.241632
24.798912
25.356190
25.913469
26.377869
26.935148
27.492426
28.049706
28.606983
29.164263
29.651882
30.278820
30.743219
31.300499
31.857779
32.415058
32.972336
33.529613
34.086895
