8.173424
8.730703
9.195102
9.752381
10.216780
10.774059
11.238458
11.795737
12.260136
12.724535
13.281814
13.746213
14.210612
14.767891
15.232290
15.789569
16.253969
16.718367
17.275646
17.740046
18.297325
18.761723
19.226122
19.783401
20.247801
20.712200
21.269478
21.733877
22.291157
22.755556
23.219955
23.777233
24.241632
24.706032
25.263311
25.727709
26.284988
26.749388
27.213787
27.771067
28.235464
28.792744
29.257143
29.721542
30.278820
30.743219
31.207619
31.764898
32.229298
32.786575
33.250977
33.715374
34.272652
