2.693515
3.157914
3.622313
4.086712
4.551111
5.015510
5.479909
5.944308
6.408708
6.873106
7.337506
7.801905
8.266304
8.730703
9.195102
9.659501
10.123900
10.588300
11.052698
11.517097
11.981497
12.445896
12.910295
13.467574
13.839093
14.303492
14.767891
15.232290
15.696690
16.161089
16.625488
17.182766
17.554285
18.018684
18.483084
19.040363
19.411882
19.969160
20.340681
20.897959
21.362358
21.826757
22.198277
22.755556
23.219955
23.684353
24.148752
24.613152
25.077551
25.541950
26.006350
26.470749
26.935148
27.399546
27.863945
28.328344
28.792744
29.257143
29.721542
30.093061
30.650341
31.114738
31.579138
32.043537
32.507938
32.972336
33.436733
33.901134
