1.578957
2.229116
2.786395
3.436553
3.993832
4.643991
5.294150
5.851429
6.501587
7.151746
7.709025
8.359183
9.009342
9.659501
10.309660
10.866939
11.517097
12.167256
12.817415
13.467574
14.024853
14.675012
15.269547
15.882449
16.625488
17.182766
17.740046
18.390203
19.040363
19.690521
20.247801
20.990839
21.548119
22.198277
22.755556
23.405714
24.055874
24.706032
25.356190
25.913469
26.563627
27.213787
27.771067
28.421225
29.071383
29.628662
30.278820
30.928980
31.486258
32.136417
32.786575
33.343853
34.086895
