1.764717
2.136236
2.600635
3.065034
3.436553
3.900952
4.365352
4.736871
5.201270
5.665669
6.130068
6.501587
6.873106
7.337506
7.801905
8.266304
8.637823
9.102222
9.566622
9.938141
10.402539
10.774059
11.238458
11.702857
12.074376
12.538775
13.003175
13.374694
13.839093
14.303492
14.675012
15.139410
15.603809
15.975328
16.439728
16.904127
17.275646
17.647165
18.111565
18.575964
19.040363
19.504763
19.876282
20.247801
20.712200
21.176600
21.640997
22.012518
22.476915
22.848434
23.312834
23.777233
24.241632
24.613152
25.077551
25.449070
25.913469
26.377869
26.842268
27.213787
27.678186
28.049706
28.514105
28.885624
29.350023
29.814423
30.278820
30.650341
31.021860
31.486258
31.950657
32.415058
32.786575
33.250977
33.715374
34.086895
