2.321995
2.879274
3.436553
3.993832
4.551111
5.201270
5.665669
6.222948
6.780227
7.337506
7.894784
8.359183
8.916463
9.473742
10.031020
10.588300
11.145578
11.702857
12.260136
12.724535
13.281814
13.839093
14.396372
14.953650
15.510930
16.068209
16.625488
17.089886
17.647165
18.204445
18.761723
19.319002
19.876282
20.433559
20.897959
21.455238
22.012518
22.662676
23.127075
23.684353
24.241632
24.706032
25.263311
25.820589
26.377869
26.935148
27.492426
28.049706
28.606983
29.071383
29.628662
30.185942
30.743219
31.300499
31.857779
32.345398
32.879456
33.436733
33.994015
