2.600635
3.065034
3.436553
3.808073
4.272471
4.643991
5.108390
5.479909
5.851429
6.222948
6.687347
7.058866
7.523265
7.894784
8.359183
8.730703
9.102222
9.473742
9.938141
10.309660
10.681179
11.145578
11.517097
11.981497
12.353016
12.817415
13.188934
13.560453
14.024853
14.396372
14.767891
15.139410
15.603809
15.975328
16.346848
16.811247
17.182766
17.647165
18.018684
18.390203
18.854603
19.226122
19.597641
20.062040
20.433559
20.805079
21.269478
21.640997
22.105396
22.476915
22.848434
23.312834
23.684353
24.055874
24.520271
24.891792
25.263311
25.727709
26.099230
26.563627
26.935148
27.306667
27.771067
28.142586
28.606983
28.978504
29.350023
29.721542
30.185942
30.557461
30.928980
31.393379
31.764898
32.229298
32.600815
32.972336
33.436733
33.808254
34.272652
