2.414875
2.693515
3.065034
3.343673
3.715193
3.993832
4.365352
4.643991
5.015510
5.294150
5.665669
5.944308
6.315828
6.594467
6.873106
7.244626
7.616145
7.894784
8.173424
8.544943
8.823583
9.195102
9.566622
9.845261
10.123900
10.495420
10.866939
11.145578
11.517097
11.795737
12.167256
12.445896
12.817415
13.096054
13.467574
13.746213
14.117732
14.396372
14.767891
15.046531
15.418050
15.696690
16.068209
16.346848
16.718367
16.997007
17.368526
17.647165
18.018684
18.297325
18.668844
18.947483
19.319002
19.690521
19.969160
20.247801
20.619320
20.897959
21.269478
21.548119
22.012518
22.198277
22.569796
22.848434
23.219955
23.591475
23.870113
24.148752
24.520271
24.891792
25.170431
25.541950
25.820589
26.192108
26.470749
26.842268
27.120907
27.492426
27.771067
28.142586
28.421225
28.792744
29.071383
29.442902
29.721542
30.093061
30.371700
30.743219
31.021860
31.393379
31.672018
32.043537
32.322178
32.693695
32.972336
33.343853
33.622494
33.994015
