5.201270
5.665669
6.222948
6.687347
7.151746
7.709025
8.173424
8.730703
9.195102
9.659501
10.216780
10.681179
11.192019
11.702857
12.167256
12.724535
13.188934
13.746213
14.210612
14.767891
15.232290
15.696690
16.253969
16.718367
17.182766
17.647165
18.204445
18.761723
19.226122
19.690521
20.154921
20.712200
21.176600
21.733877
22.198277
22.755556
23.219955
23.684353
24.148752
24.706032
25.170431
25.727709
26.192108
26.656507
27.213787
27.678186
28.235464
28.699863
29.257143
29.721542
30.185942
30.743219
31.207619
31.764898
32.229298
32.693695
33.158096
33.715374
34.179771
