1.207438
1.671837
2.136236
3.131678
3.529433
3.993832
4.458231
4.922630
5.387030
5.851429
6.315828
6.687347
7.151746
7.709025
8.173424
8.730703
9.195102
9.659501
10.123900
10.588300
10.959819
11.424217
11.888617
12.353016
12.817415
13.374694
13.746213
14.210612
14.675012
15.139410
15.603809
16.068209
16.532608
16.997007
17.554285
18.018684
18.483084
18.947483
19.319002
19.783401
20.247801
20.712200
21.176600
21.733877
22.198277
22.755556
23.312834
23.684353
24.055874
24.520271
24.984671
25.449070
25.913469
26.424309
26.935148
27.399546
27.863945
28.328344
28.792744
29.257143
29.721542
30.278820
30.650341
31.114738
31.579138
31.950657
32.415058
32.879456
33.390293
33.901134
34.365532
34.829933
