1.021678
1.300317
1.671837
2.043356
2.414875
2.693515
2.972154
3.343673
3.715193
3.993832
4.272471
4.643991
4.922630
5.294150
5.572789
5.944308
6.222948
6.594467
6.873106
7.616145
8.173424
8.823583
9.473742
10.216780
10.866939
11.238458
11.517097
11.795737
12.167256
12.445896
12.817415
13.096054
13.374694
13.746213
14.117732
14.675012
15.325171
16.068209
16.718367
17.275646
17.925804
18.575964
19.226122
19.876282
20.619320
21.269478
21.919638
22.569796
23.219955
23.777233
24.427393
25.170431
25.820589
26.377869
27.028027
27.678186
28.328344
28.978504
29.628662
30.278820
31.021860
31.672018
32.322178
32.972336
33.622494
34.272652
