1.764717
2.229116
3.436553
3.900952
4.458231
5.108390
5.665669
6.222948
6.687347
7.244626
7.801905
8.359183
8.823583
9.473742
9.938141
10.495420
11.052698
11.609978
12.074376
12.631656
13.188934
13.839093
14.396372
14.767891
15.418050
15.975328
16.532608
16.997007
17.554285
18.204445
18.761723
19.226122
19.783401
20.340681
20.897959
21.455238
22.012518
22.569796
23.127075
23.684353
24.148752
24.798912
25.263311
25.820589
26.284988
26.842268
27.399546
27.956825
28.514105
29.071383
29.535782
30.000181
30.557461
31.254059
31.857779
32.322178
32.972336
33.529613
33.994015
34.551292
