1.486077
2.136236
2.786395
3.436553
3.993832
4.643991
5.247710
5.944308
6.501587
7.151746
7.709025
8.359183
9.009342
9.659501
10.216780
10.866939
11.517097
12.167256
12.724535
13.374694
14.024853
14.628572
15.278730
15.882449
16.532608
17.182766
17.832926
18.390203
19.040363
19.690521
20.247801
20.897959
21.548119
22.198277
22.848434
23.405714
24.055874
24.706032
25.263311
25.913469
26.470749
27.120907
27.771067
28.328344
28.978504
29.628662
30.278820
30.836100
31.486258
32.136417
32.786575
33.436733
33.994015
34.737053
