2.786395
3.157914
3.529433
3.993832
4.365352
4.736871
5.108390
5.572789
5.944308
6.315828
6.780227
7.151746
7.616145
7.987664
8.359183
8.730703
9.195102
9.566622
9.938141
10.309660
10.774059
11.145578
11.609978
11.981497
12.353016
12.724535
13.188934
13.560453
13.931973
14.335963
14.767891
15.139410
15.510930
15.975328
16.346848
16.718367
17.182766
17.554285
17.925804
18.390203
18.761723
19.133244
19.504763
19.969160
20.340681
20.805079
21.176600
21.548119
21.919638
22.291157
22.755556
23.127075
23.591475
23.962994
24.334513
24.706032
25.170431
25.541950
25.913469
26.331429
26.749388
27.120907
27.585306
28.049706
28.421225
28.792744
29.257143
29.628662
30.000181
30.371700
30.743219
31.207619
31.579138
31.950657
32.322178
32.693695
33.250977
33.622494
33.994015
34.365532
