2.229116
2.600635
2.972154
3.436553
3.808073
4.272471
4.736871
5.201270
5.572789
6.130068
6.501587
6.965986
7.337506
7.801905
8.173424
8.637823
9.009342
9.473742
9.938141
10.402539
10.866939
11.331338
11.702857
12.167256
12.538775
13.003175
13.467574
13.839093
14.303492
14.767891
15.139410
15.603809
15.975328
16.439728
16.811247
17.182766
17.647165
18.134785
18.575964
19.040363
19.504763
19.915941
20.340681
20.712200
21.176600
21.640997
22.012518
22.476915
22.941315
23.312834
23.777233
24.148752
24.613152
25.077551
25.449070
25.820589
26.377869
26.749388
27.213787
27.585306
28.049706
28.514105
28.978504
29.350023
29.814423
30.278820
30.650341
31.021860
31.486258
31.950657
32.415058
32.879456
33.250977
33.715374
34.086895
34.551292
