4.736871
5.201270
5.665669
6.130068
6.594467
7.151746
7.616145
8.173424
8.637823
9.102222
9.566622
10.123900
10.681179
11.238458
11.702857
12.167256
12.724535
13.188934
13.653334
14.117732
14.675012
15.232290
15.696690
16.161089
16.625488
17.182766
17.647165
18.111565
18.668844
19.226122
19.690521
20.247801
20.712200
21.176600
21.640997
22.198277
22.662676
23.127075
23.591475
24.148752
24.613152
25.170431
25.634830
26.006350
26.563627
27.028027
27.585306
28.049706
28.606983
29.071383
29.628662
30.093061
30.557461
31.114738
31.672018
32.136417
32.693695
33.158096
33.622494
34.179771
34.737053
