1.207438
1.764717
2.229116
2.786395
3.343673
3.900952
4.458231
5.015510
5.572789
6.130068
6.687347
7.244626
7.801905
8.359183
8.916463
9.473742
10.031020
10.588300
11.145578
11.633197
12.260136
12.770975
13.374694
13.839093
14.396372
14.953650
15.510930
16.068209
16.532608
17.089886
17.740046
18.297325
18.854603
19.319002
19.876282
20.433559
20.990839
21.548119
22.105396
22.662676
23.219955
23.777233
24.334513
24.891792
25.356190
26.006350
26.470749
27.028027
27.678186
28.235464
28.792744
29.350023
29.907301
30.371700
30.928980
31.393379
31.950657
32.507938
33.065216
33.715374
34.272652
34.829933
