4.458231
4.829751
5.294150
5.758549
6.315828
6.780227
7.244626
7.709025
8.173424
8.730703
9.287982
9.752381
10.216780
10.681179
11.238458
11.702857
12.213696
12.724535
13.188934
13.746213
14.210612
14.675012
15.232290
15.789569
16.253969
16.718367
17.275646
17.740046
18.204445
18.761723
19.226122
19.690521
20.154921
20.712200
21.269478
21.733877
22.291157
22.755556
23.219955
23.684353
24.241632
24.706032
25.263311
25.727709
26.192108
26.749388
27.213787
27.771067
28.235464
28.792744
29.257143
29.721542
30.278820
30.743219
31.207619
31.764898
32.322178
32.693695
33.250977
33.808254
