2.136236
2.693515
3.157914
3.622313
4.086712
4.551111
5.015510
5.479909
5.944308
6.408708
6.873106
7.337506
7.801905
8.266304
8.730703
9.195102
9.659501
10.123900
10.681179
11.145578
11.517097
12.074376
12.445896
12.910295
13.374694
13.839093
14.303492
14.767891
15.232290
15.696690
16.161089
16.625488
17.089886
17.554285
18.111565
18.483084
18.947483
19.411882
19.876282
20.433559
20.897959
21.362358
21.826757
22.291157
22.755556
23.219955
23.591475
24.055874
24.520271
24.984671
25.541950
26.006350
26.470749
26.935148
27.399546
27.863945
28.328344
28.792744
29.257143
29.721542
30.185942
30.650341
31.114738
31.579138
32.043537
32.507938
32.972336
33.436733
33.901134
34.365532
