1.300317
1.764717
2.321995
2.879274
3.436553
3.993832
4.551111
5.015510
5.665669
6.222948
6.687347
7.337506
7.801905
8.359183
8.916463
9.473742
10.031020
10.588300
11.145578
11.702857
12.260136
12.817415
13.374694
13.885533
14.489252
14.953650
15.510930
16.068209
16.718367
17.182766
17.740046
18.297325
18.854603
19.411882
19.969160
20.526440
20.990839
21.640997
22.105396
22.755556
23.312834
23.777233
24.334513
24.891792
25.449070
26.006350
26.563627
27.120907
27.678186
28.235464
28.699863
28.978504
29.628662
30.464581
30.650341
31.486258
32.043537
32.600815
33.158096
33.715374
