1.300317
2.229116
2.879274
3.436553
3.993832
4.643991
5.294150
5.851429
6.501587
7.151746
7.801905
8.359183
9.009342
9.659501
10.216780
10.866939
11.517097
12.167256
12.724535
13.281814
13.931973
14.582131
15.232290
15.882449
16.439728
17.089886
17.647165
18.297325
18.947483
19.597641
20.247801
20.897959
21.455238
22.105396
22.662676
23.312834
23.962994
24.613152
25.170431
25.820589
26.563627
27.120907
27.771067
28.328344
28.978504
29.628662
30.278820
30.836100
31.486258
32.136417
32.693695
33.343853
33.994015
