2.136236
2.507755
2.786395
3.157914
3.529433
3.993832
4.365352
4.829751
5.201270
5.572789
6.037188
6.408708
6.780227
7.244626
7.616145
7.987664
8.452064
8.823583
9.195102
9.566622
10.031020
10.402539
10.866939
11.238458
11.609978
11.981497
12.353016
12.817415
13.188934
13.560453
14.024853
14.396372
14.767891
15.139410
15.603809
15.975328
16.346848
16.811247
17.182766
17.554285
18.018684
18.483084
18.854603
19.226122
19.597641
20.062040
20.433559
20.805079
21.176600
21.548119
22.012518
22.384037
22.755556
23.219955
23.591475
24.055874
24.427393
24.798912
25.170431
25.541950
26.006350
26.377869
26.842268
27.213787
27.585306
27.956825
28.421225
28.792744
29.164263
29.535782
30.000181
30.464581
30.836100
31.207619
31.579138
31.950657
32.322178
32.693695
33.158096
33.529613
33.994015
34.365532
