1.300317
1.764717
2.136236
2.693515
3.157914
3.529433
4.086712
4.481451
5.015510
5.479909
5.944308
6.408708
6.873106
7.244626
7.801905
8.173424
8.730703
9.195102
9.659501
10.151542
10.588300
11.145578
11.517097
11.981497
12.445896
12.910295
13.374694
13.746213
14.303492
14.767891
15.232290
15.696690
16.068209
16.625488
17.089886
17.554285
18.111565
18.483084
18.947483
19.411882
19.876282
20.340681
20.897959
21.269478
21.733877
22.198277
22.755556
23.219955
23.591475
24.055874
24.520271
24.984671
25.449070
25.913469
26.377869
26.842268
27.213787
27.678186
28.235464
28.699863
29.164263
29.721542
30.185942
30.650341
31.114738
31.579138
32.043537
32.507938
32.972336
33.436733
33.901134
34.458412
