2.252336
2.972154
3.436553
3.993832
4.551111
5.108390
5.665669
6.130068
6.687347
7.244626
7.801905
8.359183
8.916463
9.473742
9.938141
10.588300
11.145578
11.609978
12.167256
12.724535
13.281814
13.839093
14.396372
14.953650
15.418050
15.975328
16.532608
17.089886
17.647165
18.204445
18.761723
19.319002
19.783401
20.340681
20.805079
21.362358
21.919638
22.476915
23.034195
23.591475
24.171972
24.706032
25.170431
25.727709
26.284988
26.935148
27.492426
28.049706
28.541519
29.071383
29.628662
30.093061
30.650341
31.300499
31.857779
32.322178
32.786575
33.436733
33.994015
