1.393197
1.764717
2.229116
2.600635
3.065034
3.436553
3.900952
4.365352
4.736871
5.201270
5.665669
6.037188
6.501587
6.873106
7.337506
7.709025
8.173424
8.637823
9.009342
9.473742
9.845261
10.402539
10.866939
11.238458
11.702857
12.074376
12.538775
13.003175
13.374694
13.839093
14.303492
14.767891
15.139410
15.603809
15.975328
16.439728
16.811247
17.275646
17.740046
18.204445
18.575964
18.947483
19.504763
19.876282
20.247801
20.712200
21.176600
21.640997
22.012518
22.476915
22.941315
23.405714
23.777233
24.241632
24.613152
25.077551
25.449070
25.913469
26.377869
26.842268
27.213787
27.678186
28.049706
28.514105
28.978504
29.350023
29.814423
30.278820
30.650341
31.114738
31.579138
32.043537
32.415058
32.786575
33.250977
33.715374
34.179771
34.644173
