4.458231
4.922630
5.201270
5.665669
6.222948
6.687347
7.244626
7.616145
8.173424
8.637823
9.195102
9.659501
10.216780
10.681179
11.145578
11.702857
12.167256
12.724535
13.188934
13.653334
14.210612
14.675012
15.139410
15.696690
16.161089
16.718367
17.089886
17.647165
18.111565
18.668844
19.133244
19.690521
20.154921
20.712200
21.176600
21.733877
22.198277
22.662676
23.219955
23.684353
24.148752
24.613152
25.170431
25.634830
26.192108
26.656507
27.213787
27.585306
28.142586
28.699863
29.257143
29.721542
30.185942
30.650341
31.114738
31.579138
32.136417
32.693695
33.158096
33.622494
34.179771
