1.764717
2.229116
2.879274
3.343673
3.900952
4.365352
5.015510
5.572789
6.130068
6.594467
7.244626
7.801905
8.359183
8.916463
9.380861
9.938141
10.495420
11.052698
11.609978
12.167256
12.724535
13.281814
13.839093
14.396372
14.953650
15.418050
15.975328
16.625488
17.182766
17.740046
18.297325
18.854603
19.319002
19.969160
20.526440
20.990839
21.548119
22.105396
22.569796
23.127075
23.684353
24.241632
24.798912
25.449070
26.006350
26.470749
27.120907
27.585306
28.142586
28.699863
29.257143
29.814423
30.371700
30.865759
31.393379
32.043537
32.507938
33.065216
33.622494
34.179771
