1.114558
1.671837
2.321995
2.972154
3.715193
4.272471
4.922630
5.572789
6.222948
6.873106
7.523265
8.173424
8.916463
9.473742
10.216780
10.866939
11.424217
12.167256
12.817415
13.374694
14.117732
14.767891
15.418050
16.068209
16.718367
17.368526
17.925804
18.575964
19.319002
19.969160
20.619320
21.269478
21.919638
22.569796
23.127075
23.777233
24.520271
25.170431
25.727709
26.470749
27.120907
27.771067
28.328344
29.071383
29.721542
30.371700
31.021860
31.672018
32.415058
33.065216
33.622494
34.272652
