1.207438
1.764717
2.321995
2.786395
3.343673
3.900952
4.458231
5.015510
5.572789
6.130068
6.687347
7.244626
7.801905
8.266304
8.916463
9.473742
9.938141
10.495420
11.052698
11.609978
12.167256
12.724535
13.281814
13.839093
14.396372
14.953650
15.510930
15.975328
16.625488
17.182766
17.740046
18.204445
18.854603
19.319002
19.969160
20.433559
20.990839
21.548119
22.105396
22.662676
23.127075
23.684353
24.334513
24.798912
25.449070
26.006350
26.563627
27.120907
27.585306
28.142586
28.699863
29.350023
29.907301
30.371700
30.928980
31.486258
31.950657
32.507938
33.065216
33.622494
34.179771
34.829933
