2.879274
3.250794
3.622313
4.086712
4.458231
4.829751
5.201270
5.665669
6.037188
6.408708
6.873106
7.244626
7.616145
8.080544
8.452064
8.823583
9.287982
9.659501
10.031020
10.402539
10.866939
11.238458
11.609978
12.074376
12.445896
12.817415
13.281814
13.653334
14.024853
14.396372
14.860771
15.232290
15.603809
15.975328
16.439728
16.811247
17.275646
17.647165
18.018684
18.390203
18.854603
19.226122
19.597641
19.969160
20.433559
20.805079
21.176600
21.640997
22.012518
22.476915
22.848434
23.219955
23.591475
23.962994
24.334513
24.798912
25.216871
25.634830
26.006350
26.377869
26.842268
27.213787
27.585306
28.049706
28.421225
28.885624
29.257143
29.628662
30.093061
30.464581
30.836100
31.207619
31.672018
32.043537
32.415058
32.879456
33.250977
33.715374
34.086895
34.458412
