1.021678
1.578957
2.136236
2.786395
3.436553
3.993832
4.643991
5.294150
5.944308
6.501587
7.151746
7.801905
8.452064
9.009342
9.659501
10.216780
10.866939
11.609978
12.167256
12.724535
13.374694
14.024853
14.582131
15.232290
15.882449
16.532608
17.089886
17.740046
18.297325
18.947483
19.597641
20.247801
20.897959
21.548119
22.105396
22.755556
23.405714
24.055874
24.613152
25.263311
25.820589
26.563627
27.120907
27.771067
28.421225
28.978504
29.628662
30.278820
30.836100
31.486258
32.136417
32.786575
33.436733
33.994015
34.644173
