6.037188
6.408708
6.780227
7.244626
7.709025
8.266304
8.637823
9.195102
9.659501
10.031020
10.495420
11.052698
11.424217
11.981497
12.445896
12.910295
13.374694
13.746213
14.303492
14.767891
15.232290
15.696690
16.161089
16.532608
16.997007
17.461407
17.925804
18.390203
18.854603
19.319002
19.783401
20.247801
20.805079
21.269478
21.733877
22.198277
22.755556
23.127075
23.591475
24.055874
24.613152
25.077551
25.541950
26.006350
26.470749
26.935148
27.422766
27.863945
28.328344
28.792744
29.257143
29.721542
30.185942
30.650341
31.114738
31.579138
32.043537
32.507938
32.972336
33.436733
33.901134
34.365532
