7.151746
7.337506
7.709025
8.080544
8.452064
9.195102
9.752381
10.774059
11.331338
11.702857
12.074376
12.445896
12.817415
13.281814
13.653334
14.117732
14.396372
14.860771
15.325171
15.603809
15.975328
16.439728
16.811247
17.182766
17.554285
18.018684
18.390203
18.854603
19.226122
19.597641
19.969160
20.433559
20.805079
21.176600
21.640997
22.012518
22.476915
22.848434
23.219955
23.684353
24.055874
24.427393
24.798912
25.170431
25.554241
25.936689
26.377869
26.749388
27.120907
27.585306
27.956825
28.328344
28.792744
29.164263
29.535782
29.721542
30.000181
30.371700
30.743219
31.021860
31.300499
31.579138
31.764898
31.950657
32.322178
32.600815
33.436733
33.808254
