5.665669
6.222948
6.687347
7.151746
7.616145
8.173424
8.637823
8.916463
9.195102
9.566622
10.216780
10.495420
10.774059
11.145578
11.517097
12.260136
12.631656
13.096054
13.560453
14.210612
14.767891
15.139410
15.603809
15.975328
16.625488
17.113106
17.554285
18.575964
18.854603
19.226122
19.597641
19.969160
20.247801
20.712200
21.176600
21.640997
22.291157
22.755556
23.219955
23.591475
24.055874
24.613152
25.170431
25.634830
26.470749
26.842268
27.213787
27.585306
28.235464
28.792744
29.257143
29.628662
30.278820
30.743219
31.207619
31.579138
32.043537
32.693695
33.158096
33.622494
