1.578957
2.043356
2.600635
3.157914
3.622313
4.086712
4.551111
5.015510
5.479909
5.944308
6.408708
6.873106
7.337506
7.801905
8.266304
8.823583
9.287982
9.659501
10.123900
10.588300
11.052698
11.517097
11.981497
12.445896
12.910295
13.374694
13.839093
14.303492
14.767891
15.232290
15.696690
16.161089
16.625488
17.182766
17.647165
18.111565
18.575964
18.947483
19.411882
19.876282
20.433559
20.805079
21.269478
21.826757
22.291157
22.662676
23.127075
23.684353
24.148752
24.613152
24.984671
25.449070
26.006350
26.470749
26.935148
27.399546
27.863945
28.328344
28.792744
29.257143
29.721542
30.185942
30.743219
31.207619
31.672018
32.136417
32.507938
32.972336
33.529613
33.901134
34.458412
34.829933
