1.671837
2.321995
2.879274
3.343673
3.900952
4.551111
5.108390
5.572789
6.130068
6.687347
7.244626
7.801905
8.359183
8.916463
9.473742
10.031020
10.588300
11.238458
11.702857
12.260136
12.817415
13.374694
13.931973
14.489252
14.953650
15.510930
16.068209
16.625488
17.182766
17.740046
18.297325
18.854603
19.411882
19.969160
20.433559
21.083719
21.640997
22.198277
22.662676
23.219955
23.777233
24.334513
24.891792
25.385351
26.006350
26.563627
27.028027
27.678186
28.142586
28.792744
29.350023
29.907301
30.371700
30.928980
31.486258
32.043537
32.600815
33.158096
33.715374
34.272652
