2.136236
3.622313
4.365352
4.829751
5.201270
5.665669
6.037188
6.408708
6.780227
7.244626
7.616145
7.987664
8.452064
8.823583
9.287982
9.659501
10.031020
10.495420
10.866939
11.238458
11.609978
12.074376
12.445896
12.817415
13.188934
13.560453
14.024853
14.396372
14.767891
15.232290
15.603809
15.975328
16.439728
16.811247
17.182766
17.647165
18.018684
18.390203
18.854603
19.226122
19.690521
19.969160
20.340681
20.805079
21.176600
21.548119
22.012518
22.384037
22.848434
23.219955
23.591475
24.334513
24.706032
25.170431
25.634830
26.006350
26.377869
26.842268
27.213787
27.678186
28.049706
28.421225
28.792744
29.164263
29.535782
30.000181
30.371700
30.743219
31.207619
31.579138
31.950657
32.322178
32.786575
33.158096
33.622494
33.994015
34.365532
