2.693515
3.065034
3.529433
3.900952
4.365352
4.829751
5.201270
5.665669
6.130068
6.501587
6.965986
7.430386
7.801905
8.173424
8.637823
9.102222
9.566622
9.938141
10.402539
10.866939
11.238458
11.702857
12.167256
12.538775
13.003175
13.374694
13.839093
14.303492
14.767891
15.139410
15.603809
15.975328
16.439728
16.811247
17.275646
17.740046
18.111565
18.575964
19.040363
19.411882
19.876282
20.247801
20.712200
21.176600
21.640997
22.012518
22.476915
22.941315
23.312834
23.777233
24.148752
24.613152
25.077551
25.541950
26.006350
26.377869
26.842268
27.213787
27.585306
28.142586
28.514105
28.978504
29.442902
29.814423
30.278820
30.650341
31.114738
31.579138
31.950657
32.415058
32.879456
33.250977
33.715374
34.086895
34.551292
