4.365352
4.829751
5.201270
5.572789
5.944308
6.408708
6.780227
7.244626
7.616145
7.987664
8.452064
8.823583
9.195102
9.659501
10.031020
10.495420
10.774059
11.238458
11.609978
11.981497
12.445896
12.817415
13.188934
13.653334
14.024853
14.396372
14.860771
15.232290
15.603809
15.975328
16.439728
16.811247
17.182766
17.647165
18.018684
18.390203
18.854603
19.226122
19.597641
19.969160
20.433559
20.805079
21.176600
21.640997
22.012518
22.384037
22.848434
23.219955
23.591475
24.055874
24.427393
24.798912
25.263311
25.634830
26.006350
26.377869
26.842268
27.213787
27.585306
28.049706
28.421225
28.792744
29.257143
29.628662
30.000181
30.371700
30.836100
31.207619
31.672018
32.043537
32.415058
32.786575
33.250977
33.622494
33.994015
34.365532
