3.529433
3.900952
4.365352
4.922630
5.387030
5.851429
6.408708
6.873106
7.337506
7.801905
8.266304
8.730703
9.195102
9.659501
10.123900
10.588300
11.052698
11.517097
11.981497
12.445896
12.910295
13.374694
13.839093
14.303492
14.767891
15.232290
15.696690
16.161089
16.625488
17.089886
17.554285
18.018684
18.483084
18.947483
19.435102
19.969160
20.433559
20.805079
21.362358
21.826757
22.291157
22.662676
23.127075
23.591475
24.055874
24.520271
25.077551
25.541950
26.006350
26.470749
26.935148
27.399546
27.863945
28.328344
28.792744
29.257143
29.721542
30.185942
30.557461
31.114738
31.486258
32.043537
32.507938
33.065216
33.436733
33.901134
34.365532
