4.458231
4.922630
5.294150
5.758549
6.222948
6.780227
7.244626
7.709025
8.266304
8.730703
9.195102
9.659501
10.216780
10.681179
11.238458
11.702857
12.260136
12.724535
13.281814
13.746213
14.210612
14.767891
15.232290
15.696690
16.161089
16.718367
17.275646
17.740046
18.204445
18.692064
19.226122
19.690521
20.154921
20.712200
21.176600
21.733877
22.198277
22.662676
23.219955
23.684353
24.241632
24.706032
25.170431
25.634830
26.284988
26.656507
27.213787
27.678186
28.235464
28.699863
29.257143
29.721542
30.185942
30.743219
31.207619
31.672018
32.229298
32.786575
33.158096
33.715374
34.272652
