1.207438
1.764717
2.321995
2.879274
3.436553
3.993832
4.458231
5.108390
5.665669
6.222948
6.687347
7.244626
7.801905
8.452064
8.916463
9.566622
10.031020
10.588300
11.145578
11.702857
12.167256
12.817415
13.374694
13.931973
14.396372
14.953650
15.510930
16.161089
16.625488
17.182766
17.740046
18.297325
18.854603
19.411882
19.969160
20.526440
21.083719
21.548119
22.105396
22.662676
23.312834
23.777233
24.334513
24.984671
25.449070
26.006350
26.563627
27.120907
27.678186
28.235464
28.792744
29.350023
29.814423
30.371700
30.928980
31.486258
32.043537
32.600815
33.158096
33.715374
34.272652
