4.643991
5.201270
5.758549
6.222948
6.780227
7.151746
7.709025
8.266304
8.730703
9.287982
9.752381
10.216780
10.774059
11.238458
11.702857
12.260136
12.724535
13.281814
13.746213
14.210612
14.767891
15.232290
15.696690
16.161089
16.718367
17.275646
17.740046
18.204445
18.761723
19.226122
19.690521
20.247801
20.712200
21.269478
21.733877
22.291157
22.755556
23.219955
23.684353
24.241632
24.706032
25.170431
25.634830
26.192108
26.749388
27.306667
27.771067
28.235464
28.723083
29.196712
29.721542
30.278820
30.743219
31.207619
31.672018
32.136417
32.693695
33.250977
33.715374
34.272652
