3.250794
3.622313
4.086712
4.458231
4.829751
5.294150
6.037188
6.873106
7.709025
8.452064
9.287982
10.031020
10.866939
11.609978
12.538775
13.281814
14.024853
14.860771
15.603809
16.439728
17.182766
18.018684
18.854603
19.690521
20.433559
21.269478
21.640997
22.105396
22.476915
22.848434
23.219955
23.684353
24.055874
24.427393
24.891792
25.263311
25.634830
26.006350
26.470749
26.842268
27.233650
27.678186
28.142586
28.421225
28.885624
29.257143
29.628662
30.000181
30.464581
30.836100
31.300499
31.672018
32.043537
32.507938
32.879456
33.250977
33.622494
33.994015
