1.114558
1.671837
2.321995
3.065034
3.715193
4.365352
5.015510
5.665669
6.315828
6.965986
7.616145
8.266304
8.823583
9.566622
10.216780
10.866939
11.517097
12.167256
12.817415
13.467574
14.117732
14.767891
15.418050
16.068209
16.625488
17.368526
18.018684
18.668844
19.319002
19.969160
20.619320
21.269478
21.919638
22.662676
23.312834
23.870113
24.520271
25.170431
25.913469
26.470749
27.120907
27.863945
28.421225
29.071383
29.814423
30.371700
31.114738
31.672018
32.415058
32.972336
33.622494
34.295872
