1.486077
2.136236
2.786395
3.436553
4.086712
4.643991
5.294150
5.944308
6.501587
7.151746
7.801905
8.452064
9.009342
9.659501
10.309660
10.866939
11.517097
12.167256
12.817415
13.467574
14.024853
14.582131
15.325171
15.882449
16.532608
17.182766
17.832926
18.390203
19.040363
19.690521
20.247801
20.897959
21.548119
22.105396
22.755556
23.405714
24.055874
24.613152
25.263311
25.913469
26.563627
27.120907
27.863945
28.421225
29.071383
29.628662
30.278820
30.928980
31.579138
32.229298
32.786575
33.436733
33.994015
