2.136236
2.786395
3.436553
3.993832
4.643991
5.201270
5.944308
6.501587
7.151746
7.801905
8.359183
9.009342
9.566622
10.216780
10.866939
11.517097
12.167256
12.724535
13.374694
14.024853
14.582131
15.325171
15.882449
16.532608
17.182766
17.740046
18.390203
19.040363
19.597641
20.247801
20.897959
21.455238
22.105396
22.662676
23.312834
23.962994
24.706032
25.263311
25.820589
26.563627
27.120907
27.678186
28.351564
28.978504
29.628662
30.185942
30.836100
31.486258
32.136417
32.693695
33.343853
33.994015
