2.786395
3.343673
3.900952
4.551111
5.015510
5.572789
6.130068
6.687347
7.244626
7.801905
8.359183
8.916463
9.473742
10.031020
10.588300
11.145578
11.702857
12.260136
12.817415
13.281814
13.839093
14.396372
14.953650
15.510930
16.068209
16.625488
17.182766
17.740046
18.297325
18.854603
19.411882
19.969160
20.526440
21.083719
21.548119
22.105396
22.662676
23.219955
23.777233
24.334513
24.891792
25.449070
26.006350
26.470749
27.028027
27.585306
28.142586
28.699863
29.257143
29.814423
30.371700
30.928980
31.300499
31.950657
32.507938
33.065216
33.715374
34.272652
