4.086712
4.551111
5.015510
5.479909
5.944308
6.315828
6.873106
7.244626
7.709025
8.266304
8.730703
9.195102
9.659501
10.123900
10.588300
11.052698
11.517097
11.981497
12.445896
12.910295
13.374694
13.839093
14.303492
14.767891
15.232290
15.696690
16.161089
16.625488
17.182766
17.554285
18.018684
18.575964
18.947483
19.411882
19.876282
20.433559
20.805079
21.269478
21.733877
22.198277
22.662676
23.127075
23.591475
24.055874
24.520271
24.984671
25.541950
26.006350
26.377869
26.935148
27.399546
27.863945
28.328344
28.792744
29.257143
29.721542
30.185942
30.650341
31.114738
31.579138
32.043537
32.507938
32.972336
33.436733
33.901134
