2.972154
3.343673
3.715193
3.993832
4.365352
4.643991
5.015510
5.294150
5.572789
5.944308
6.222948
6.594467
6.965986
7.244626
7.523265
7.894784
8.173424
8.544943
8.823583
9.473742
10.309660
10.866939
11.517097
12.167256
12.817415
13.467574
14.117732
14.767891
15.418050
16.068209
16.718367
17.368526
18.018684
18.668844
19.319002
19.969160
20.619320
21.269478
21.919638
22.569796
23.219955
23.870113
24.520271
25.170431
25.820589
26.470749
27.120907
27.771067
28.421225
29.071383
29.721542
30.371700
31.021860
31.672018
32.322178
32.972336
33.715374
