5.201270
5.758549
6.222948
6.780227
7.244626
7.709025
8.173424
8.730703
9.195102
9.752381
10.216780
10.681179
11.145578
11.702857
12.167256
12.724535
13.281814
13.746213
14.210612
14.675012
15.232290
15.696690
16.253969
16.718367
17.182766
17.740046
18.204445
18.761723
19.226122
19.690521
20.247801
20.712200
21.269478
21.733877
22.198277
22.662676
23.219955
23.684353
24.241632
24.706032
25.170431
25.727709
26.192108
26.685192
27.213787
27.678186
28.142586
28.699863
29.164263
29.721542
30.185942
30.650341
31.207619
31.672018
32.229298
32.693695
33.158096
33.715374
34.179771
