2.879274
3.436553
3.993832
4.551111
5.015510
5.584716
6.130068
6.780227
7.244626
7.801905
8.359183
8.916463
9.473742
10.031020
10.588300
11.145578
11.609978
12.260136
12.724535
13.281814
13.931973
14.396372
14.953650
15.510930
16.068209
16.532608
17.089886
17.740046
18.297325
18.761723
19.319002
19.969160
20.526440
20.990839
21.548119
22.105396
22.662676
23.219955
23.777233
24.334513
24.891792
25.449070
25.913469
26.470749
27.120907
27.585306
28.142586
28.699863
29.257143
29.814423
30.371700
30.928980
31.393379
32.043537
32.600815
33.158096
33.715374
